1.6777, 8.0008,0
9.626, 0.137, 0
-5.1536, -2.3118, 0
-3.1475, 6.6046, 0
9.2855, -3.0698, 0
0.111, -10.8275, 0
5.7998, 6.4302, 0
-5.0278, -2.5933, 0
-2.0064, -4.6695, 0
9.5054, -1.5655, 0
0.1096, -10.881, 0
2.4598, -10.3526, 0
-2.3416, 7.1203, 0
2.9543, -10.2452, 0
0.4129, -10.8373, 0
1.4131, -4.0125, 0
8.5469, -5.3921, 0
-5.7619, 3.744, 0
-3.0651, -10.7765, 0
4.2166, 7.4065, 0
-2.4335, -10.7312, 0
1.8023, 7.8898, 0
6.6047, -7.8236, 0
8.2411, -5.7948, 0
8.6401, 3.267, 0
9.1112, -3.6504, 0
-3.1269, 6.8464, 0
9.4763, -2.3627, 0
-4.2333, 5.8049, 0
0.3072, -4.5377, 0
2.5529, -3.0958, 0
3.3594, 7.7443, 0
9.4975, -0.7449, 0
3.2969, -0.5405, 0
-2.1691, 7.2197, 0
-4.7598, -2.9634, 0
-6.0225, -0.5997, 0
3.8518, -9.7402, 0
4.3186, 7.2695, 0
6.9845, 5.4619, 0
-2.2429, -10.8639, 0
9.1396, -4.0249, 0
9.0086, 2.4753, 0
-5.0777, -10.2014, 0
5.5023, -8.8121, 0
2.8579, -10.1607, 0
9.1841, 1.8614, 0
9.3694, -3.0946, 0
3.8028, -9.9039, 0
-0.3237, -4.6179, 0
-6.0947, -0.0757, 0
-5.775, -1.4217, 0
3.2426, -10.0847, 0
6.5698, -7.9676, 0
-0.2947, -10.9742, 0
-0.3106, -4.6469, 0
0.9992, -10.6998, 0
9.549, -2.3204, 0
9.0717, 2.2193, 0
9.641, -1.5789, 0
2.3934, -10.4403, 0
2.3234, -3.3865, 0
8.1069, 4.0619, 0
-2.5766, -10.8462, 0
9.0402, -4.109, 0
2.492, -3.0616, 0
-3.9938, 6.1169, 0
2.9149, -10.2432, 0
3.1679, 7.8187, 0
0.7727, -4.3085, 0
9.1169, 2.0423, 0
4.0417, 7.4612, 0
4.8307, 6.9524, 0
6.2271, 6.2116, 0
-5.662, -1.6134, 0
3.9291, 7.5209, 0
9.6187, -0.97, 0
3.6907, -9.9192, 0
6.6947, 5.7354, 0
9.0805, 1.9926, 0
9.289, 1.8721, 0
7.2197, -7.3776, 0
8.0559, -6.2407, 0
9.3981, 0.9616, 0
8.0912, 4.0725, 0
-5.9201, 3.0367, 0
-3.52, 6.5056, 0
4.9472, -9.2199, 0
-5.6535, 3.8306, 0
9.5194, -1.2338, 0
5.8503, 6.5325, 0
2.3907, -3.2603, 0
7.926, 4.2305, 0
5.2689, -8.9249, 0
-3.7707, -10.4831, 0
-5.8271, 3.2569, 0
-0.9873, -4.7843, 0
9.2563, 1.2588, 0
6.4621, 5.9892, 0
-3.1244, -10.8161, 0
-2.8288, -10.7261, 0
3.1504, -1.929, 0
-0.5964, 7.7621, 0
-1.9143, -10.9188, 0
-5.6919, -9.9293, 0
5.6811, -8.7465, 0
-1.7886, 7.3411, 0
9.1264, 1.9381, 0
0.3111, 7.9402, 0
6.2747, 6.1503, 0
-5.2669, 4.5786, 0
-4.5781, -3.1688, 0
2.4985, 7.8551, 0
-3.1116, 6.773, 0
7.2533, -7.0644, 0
8.1291, 4.178, 0
3.2913, -10.1291, 0
0.3759, -4.5322, 0
2.469, -3.2778, 0
7.9212, -6.2388, 0
-3.9666, 6.057, 0
9.4122, -2.1234, 0
-6.2907, 0.3703, 0
-4.9139, 5.0632, 0
-4.0518, -3.6095, 0
2.6536, 7.9263, 0
9.3051, -2.8129, 0
2.0288, 1.7374, 0
1.1542, -10.6917, 0
0.4051, -4.4312, 0
-0.0101, 7.974, 0
9.2362, -3.4549, 0
-3.5743, -3.8376, 0
6.327, -8.2138, 0
-1.617, -4.559, 0
-5.3482, 4.3464, 0
9.5022, -1.5956, 0
-2.4837, -10.748, 0
9.5651, -2.0768, 0
9.3834, -2.3526, 0
8.854, -4.5588, 0
9.4618, 0.0931, 0
-3.7378, -3.8151, 0
8.0211, -6.2106, 0
8.7289, -4.9798, 0
7.0458, -7.5255, 0
9.2232, -3.6311, 0
5.1619, 6.8457, 0
2.8269, 7.8014, 0
7.6128, -6.7949, 0
5.451, -8.9132, 0
-4.9153, -10.1359, 0
1.1666, 8.1058, 0
6.746, 5.8263, 0
9.4613, -2.2854, 0
2.4142, -10.484, 0
3.3498, -1.2316, 0
-0.8267, -4.6404, 0
8.9237, -4.2667, 0
7.3951, -7.0311, 0
-6.0446, -0.7686, 0
1.494, 7.9362, 0
0.5001, 8.0198, 0
-5.0721, -2.5012, 0
1.9252, 7.9929, 0
9.5512, 0.4126, 0
-2.3026, -10.8385, 0
9.4003, -2.8398, 0
-4.2803, -3.4645, 0
-6.2277, 0.2163, 0
9.4755, -2.5167, 0
1.3506, -10.7821, 0
1.5442, -10.7005, 0
-0.8119, -10.9815, 0
9.5301, -2.1138, 0
-4.5106, -3.335, 0
8.2328, 3.8622, 0
4.6703, -9.4391, 0
-2.3648, -10.8281, 0
3.2441, 0.1847, 0
5.826, -8.5755, 0
9.6173, -1.1182, 0
-0.3093, 7.8212, 0
3.3828, -1.2935, 0
1.5257, 7.9272, 0
-2.5316, 7.2254, 0
-4.9913, -10.1105, 0
-5.286, 4.7228, 0
-4.3543, 5.723, 0
8.0741, 4.243, 0
-4.5446, 5.4333, 0
8.3453, -5.5997, 0
-5.427, 4.3317, 0
1.0249, -4.3706, 0
4.4419, -9.4491, 0
8.1848, -6.0203, 0
-4.8801, 4.9757, 0
-2.1577, -10.816, 0
9.4083, 0.9665, 0
9.5852, -2.2312, 0
4.4972, -9.587, 0
-0.2604, -4.6501, 0
-2.9712, -4.3254, 0
1.2425, -4.2615, 0
8.8104, -4.7645, 0
3.1198, -10.1225, 0
-4.9362, 5.1729, 0
-4.5359, 5.4731, 0
-6.2594, 0.5689, 0
3.9955, 7.5262, 0
-1.0235, 7.6481, 0
-5.7679, -1.5738, 0
8.4478, -5.2844, 0
5.5994, -8.659, 0
7.3027, 5.1594, 0
3.0996, 0.2857, 0
-6.2392, 1.6671, 0
5.2284, -9.0487, 0
6.6226, -7.9531, 0
0.2917, -10.8655, 0
-4.6935, 5.5348, 0
2.7497, -2.6404, 0
-1.1204, 7.6652, 0
9.5319, -2.4206, 0
-6.1669, 1.0929, 0
-2.2824, -10.7807, 0
2.3278, 7.9465, 0
8.6791, 3.1609, 0
4.4607, 7.319, 0
1.4844, -10.6556, 0
2.5037, -10.2925, 0
-5.7562, 3.659, 0
2.7055, 7.851, 0
-2.781, 7.0186, 0
0.9951, -4.2663, 0
0.1182, -10.9523, 0
7.9168, 4.5392, 0
-4.1783, -10.5305, 0
8.1805, -5.8056, 0
0.2241, -4.4793, 0
7.1112, -7.3256, 0
0.0115, -10.9288, 0
7.7234, 4.5489, 0
-3.3421, -3.9497, 0
3.0811, -10.1992, 0
-0.6033, -11.0036, 0
9.4642, -0.4212, 0
-2.3327, 7.2446, 0
2.5971, -3.1356, 0
4.4168, 7.3809, 0
2.6964, 7.76, 0
-0.2733, -4.7457, 0
-5.1623, 4.9084, 0
7.0751, 5.385, 0
-6.2416, 1.0515, 0
2.4535, -3.3227, 0
-3.6055, -10.5839, 0
9.0404, -4.0308, 0
9.4421, -2.4519, 0
2.9443, 0.6584, 0
9.0806, 2.0383, 0
0.1162, 7.8708, 0
1.2477, -10.6742, 0
4.5673, 7.137, 0
-2.0431, 7.259, 0
7.7661, -6.3478, 0
-5.0948, -10.1013, 0
5.4807, 6.6223, 0
-1.4911, -4.7707, 0
6.4308, 6.1446, 0
-4.6081, -3.0607, 0
0.9743, -4.2714, 0
-0.1403, -10.9125, 0
-5.9802, 3.006, 0
-5.7275, 3.7831, 0
7.3957, 5.1681, 0
1.4076, -4.1789, 0
8.6947, 3.044, 0
-0.4724, 7.9258, 0
-4.2773, 5.8824, 0
-5.0135, 4.9298, 0
-2.471, 7.2335, 0
-4.0631, 6.0939, 0
-2.9059, -10.6704, 0
2.876, -2.7924, 0
2.4973, 7.9301, 0
0.0049, -4.6088, 0
9.5158, -0.111, 0
-3.0436, -4.3043, 0
-6.1701, -0.2683, 0
-0.1963, -10.8829, 0
2.4148, -10.4752, 0
-4.5677, -3.132, 0
8.1434, -5.8819, 0
-1.5994, -10.9532, 0
-5.7342, 3.7861, 0
7.0123, -7.4853, 0
9.5426, -1.0076, 0
0.3875, -10.8337, 0
3.2695, -10.1943, 0
4.4741, -9.4169, 0
1.6273, 8.0527, 0
2.3998, 7.8846, 0
2.71, -10.2705, 0
-6.1973, 1.547, 0
-3.9174, 6.1049, 0
2.8998, 0.8246, 0
0.354, 7.9397, 0
-6.1939, 1.8093, 0
-4.891, -10.1453, 0
1.123, -10.6835, 0
-5.9803, -0.7619, 0
-2.1681, -4.4845, 0
0.7839, -10.9094, 0
6.6708, 5.9729, 0
9.5197, -1.9252, 0
8.87, 2.5562, 0
0.5889, -10.7992, 0
3.1936, -10.2021, 0
-6.2885, 1.594, 0
-1.9806, 7.3494, 0
6.3549, 6.0613, 0
0.725, -10.7487, 0
3.2088, -2.24, 0
-4.8298, 5.1941, 0
6.4989, 5.9073, 0
9.4821, -2.1105, 0
8.6795, -4.7732, 0
9.6504, -0.506, 0
5.3475, 6.957, 0
-4.4685, -3.069, 0
-2.8682, -4.2624, 0
-2.464, -10.7999, 0
-1.0144, -4.6964, 0
3.2518, -10.1308, 0
7.6394, 4.8659, 0
5.8771, 6.3857, 0
7.5003, 4.8087, 0
-4.9654, -10.1969, 0
-3.7512, 6.3124, 0
-4.3175, 5.7326, 0
-6.2209, 1.6585, 0
-1.9922, -10.8533, 0
3.2385, -0.2213, 0
9.288, 0.9913, 0
-0.3654, -10.8748, 0
-0.7085, -10.8604, 0
-1.7475, -10.9499, 0
-5.4814, 4.2037, 0
5.6295, 6.7366, 0
5.4838, 6.765, 0
-4.3485, 5.8211, 0
8.753, -4.7246, 0
1.8976, -3.7445, 0
3.3408, -0.4381, 0
-0.5258, 7.8758, 0
-1.1087, 7.6762, 0
-1.609, -4.6082, 0
8.3229, 3.7559, 0
8.591, -5.3133, 0
0.213, 7.8963, 0
-5.3605, -9.9488, 0
2.149, -10.5456, 0
7.7635, -6.4855, 0
-6.3316, 1.6173, 0
7.1508, 5.3502, 0
8.4981, -5.2168, 0
4.5092, -9.5124, 0
-6.1603, 1.8982, 0
-6.2302, 0.1851, 0
2.0568, 8.0164, 0
9.5921, -0.9614, 0
1.3479, -10.7514, 0
-3.3826, -4.1681, 0
-3.9152, -10.4396, 0
-3.0237, 6.7717, 0
9.4693, 0.4532, 0
5.2825, 6.859, 0
-1.5302, 7.5474, 0
9.5617, -2.1837, 0
-5.1719, 4.7147, 0
8.6603, 3.3464, 0
9.3777, -2.7024, 0
9.1394, -3.8292, 0
-5.9205, -0.585, 0
3.6287, 7.6769, 0
9.2196, 1.9983, 0
3.1533, 0.0812, 0
-2.2495, -4.4824, 0
7.9549, 4.4371, 0
9.4907, -2.08, 0
-4.7988, -10.1809, 0
-6.1104, 2.8102, 0
0.1733, -4.5062, 0
2.8978, -10.1937, 0
3.2199, 0.4905, 0
-1.1001, -10.9722, 0
5.2683, 6.8296, 0
-6.0267, -0.5595, 0
5.2585, 6.9503, 0
0.0119, -4.5955, 0
1.8984, -3.8367, 0
-5.2415, 4.6981, 0
-2.6047, 7.1911, 0
-0.9609, -4.7425, 0
7.2076, 5.2479, 0
6.6366, 5.772, 0
-1.8096, -4.6533, 0
4.9723, -9.2471, 0
9.0595, -4.2218, 0
-2.1304, -4.5712, 0
0.8893, 8.0076, 0
9.0952, -3.6327, 0
5.3067, 6.7634, 0
9.5756, -0.1583, 0
5.783, -8.5142, 0
-2.5563, -10.7167, 0
5.2236, -9.0354, 0
-2.3115, -4.4217, 0
1.7881, -10.6821, 0
6.8055, 5.5898, 0
-3.1819, -4.1514, 0
1.6592, 1.8882, 0
-3.4227, 6.5132, 0
-1.6904, -10.9292, 0
8.7075, -4.6964, 0
-5.5706, 3.8802, 0
-0.1642, -4.7338, 0
-3.535, 6.4486, 0
8.8655, 2.8176, 0
6.7438, -7.8465, 0
7.2737, 5.1582, 0
8.5723, 3.1012, 0
2.3034, 1.5698, 0
-2.7602, -4.3304, 0
6.2494, 6.1719, 0
7.8452, -6.4781, 0
2.3454, 1.308, 0
-0.2032, -10.9674, 0
9.3408, 0.9414, 0
8.2742, 3.9136, 0
-2.19, -10.8831, 0
6.6333, 5.9519, 0
4.4699, -9.4507, 0
9.6122, -1.2239, 0
5.8594, 6.5325, 0
6.6453, -7.9129, 0
9.4837, -1.9583, 0
1.3267, 7.9294, 0
-4.2682, 5.6742, 0
0.0692, -10.9128, 0
-3.3251, -4.1194, 0
8.6141, 3.39, 0
3.0072, 7.8675, 0
8.742, -4.6594, 0
-2.2097, -10.8884, 0
-2.9164, -10.7531, 0
-6.1399, 2.3957, 0
-6.1701, 2.4142, 0
-4.0122, 6.0351, 0
7.8538, 4.5011, 0
-3.6337, 6.2603, 0
1.4174, -10.6849, 0
8.962, 2.3293, 0
-4.8412, 5.2637, 0
-3.0089, 6.8655, 0
-0.9548, 7.7713, 0
-4.7217, -10.2699, 0
-3.3922, 6.6995, 0
8.9263, -4.2062, 0
-3.6866, -10.6606, 0
-5.5327, 3.9724, 0
7.0148, 5.3821, 0
-6.2331, 1.5319, 0
-5.6998, 3.3941, 0
9.4543, 0.5933, 0
9.238, 1.4014, 0
-1.761, -4.6041, 0
9.2587, -3.6685, 0
6.3599, 6.0477, 0
-2.964, 6.8062, 0
7.1072, -7.3573, 0
-5.402, -2.1008, 0
4.7062, -9.3219, 0
-3.0897, -10.7276, 0
-4.6973, -2.898, 0
-3.0689, -4.2542, 0
-2.4379, 7.0575, 0
9.1705, 1.5876, 0
1.027, 7.9253, 0
7.6794, 4.7028, 0
5.8011, 6.5227, 0
1.9798, 8.0224, 0
-6.0057, -0.5021, 0
-1.0939, 7.7332, 0
2.598, -10.4208, 0
3.109, 0.2094, 0
7.1856, 5.1929, 0
7.1096, 5.4546, 0
0.2143, 7.9716, 0
2.0659, 1.5505, 0
1.0008, -10.8427, 0
-2.6658, -10.7036, 0
-3.8215, -10.515, 0
-5.67, 3.8453, 0
-5.7621, 3.6806, 0
2.3353, -3.5453, 0
-3.1817, -4.0335, 0
8.1862, -5.8104, 0
6.9313, -7.6085, 0
-3.9678, -10.4829, 0
9.3121, -3.3865, 0
-1.2863, 7.7209, 0
2.4125, 7.9329, 0
-1.9811, 7.4548, 0
-2.7894, 7.0281, 0
-5.1227, -2.585, 0
3.8314, -9.7851, 0
3.9746, -9.8373, 0
-2.7945, 7.0488, 0
3.2061, -1.6371, 0
7.2189, 5.2553, 0
-5.1611, -10.0754, 0
-0.2013, -4.7265, 0
3.7995, -9.9363, 0
1.213, -10.7455, 0
5.8118, -8.64, 0
5.5784, -8.7218, 0
1.5223, 7.9127, 0
9.6576, -0.5689, 0
-3.5402, -10.6426, 0
6.6546, 5.7353, 0
-2.8664, -4.191, 0
-6.0035, 2.653, 0
1.5733, -4.0487, 0
-5.6414, -1.5441, 0
6.6317, 5.8762, 0
8.8116, -4.8132, 0
7.5487, -6.858, 0
0.9255, -10.832, 0
6.2352, 6.3112, 0
1.108, 8.0841, 0
8.2455, -5.609, 0
6.0803, -8.3486, 0
-4.7377, 5.4169, 0
0.9492, -10.8583, 0
3.5741, -9.9267, 0
0.6249, 8.0872, 0
6.6072, -7.9823, 0
0.5817, 8.0756, 0
-4.6417, -3.2069, 0
4.8146, 7.2025, 0
7.9993, -6.3188, 0
-1.0388, 7.7627, 0
-3.8911, -3.6539, 0
3.1417, 7.6999, 0
9.6299, 0.0957, 0
8.1426, -6.0318, 0
-5.3846, -2.0481, 0
-1.3011, 7.6523, 0
-5.4239, 4.1261, 0
9.0994, 2.251, 0
6.14, 6.2147, 0
-1.1705, 7.6423, 0
-4.3259, -10.4649, 0
-2.6974, -4.288, 0
5.9994, 6.3298, 0
9.4228, -2.6797, 0
2.599, -10.3728, 0
-2.6451, -10.8433, 0
3.4763, -9.9095, 0
6.8207, 5.7575, 0
-3.3056, -10.7799, 0
9.4764, -0.5939, 0
-6.1612, 2.2731, 0
5.9816, -8.339, 0
0.6175, -4.561, 0
9.4055, -2.9207, 0
9.3469, 1.6, 0
-4.919, -2.7719, 0
7.5491, 4.9258, 0
7.5289, -6.8146, 0
-6.0364, -0.4129, 0
9.096, 1.9771, 0
9.5874, -0.5447, 0
1.2079, 7.9842, 0
9.2235, -3.6479, 0
9.0532, 1.8856, 0
2.8585, -2.6753, 0
8.419, -5.6076, 0
4.519, -9.3995, 0
-0.9236, -4.7882, 0
-2.8168, 7.0107, 0
2.3177, -3.4547, 0
-5.0098, 5.0498, 0
-0.5812, -4.7387, 0
-4.5051, -10.4141, 0
-1.3358, 7.6592, 0
-1.5421, 7.5284, 0
7.8642, -6.3069, 0
5.6569, 6.5779, 0
-5.81, -0.9953, 0
2.6687, -3.1197, 0
6.8389, 5.7599, 0
9.3558, -3.044, 0
8.2638, 3.881, 0
-0.2834, 7.9469, 0
6.9891, 5.6148, 0
2.9046, 0.8812, 0
5.7727, 6.6183, 0
-2.3698, -10.808, 0
-5.6899, 3.9624, 0
8.972, -4.3552, 0
1.8295, 7.9535, 0
6.8378, 5.6055, 0
8.8917, -4.5607, 0
6.9124, 5.5614, 0
8.7279, 3.1556, 0
5.4646, 6.6747, 0
-2.0527, 7.3176, 0
-3.9294, -10.4836, 0
5.3483, -9.0106, 0
-4.0953, -3.5275, 0
-2.7416, -4.3065, 0
-0.333, 7.8675, 0
7.8715, -6.4394, 0
0.2624, -10.8885, 0
-2.4883, 7.1018, 0
-6.2398, 2.0979, 0
9.578, 0.2692, 0
0.1725, -10.8256, 0
3.0639, 7.8468, 0
9.6193, -0.4229, 0
6.5229, 6.0422, 0
-5.7071, 3.732, 0
8.1388, 4.0238, 0
9.0544, 2.3016, 0
-1.7527, -10.9399, 0
-2.632, 7.0638, 0
-3.0066, 6.8936, 0
-1.1693, -4.7509, 0
6.8755, -7.4788, 0
9.5267, -1.7333, 0
-5.7802, -1.224, 0
6.5255, 6.0491, 0
8.2524, 3.9972, 0
-0.116, -4.6454, 0
-4.5715, -10.2646, 0
8.6958, -4.9424, 0
-2.3059, -4.5872, 0
-5.628, -1.7272, 0
-4.7938, 5.3954, 0
5.9732, -8.4882, 0
6.7024, 5.7244, 0
-6.248, 0.876, 0
-2.5464, -4.3512, 0
1.0503, -10.6915, 0
-5.8817, -0.9863, 0
0.9609, 7.937, 0
4.8364, -9.3951, 0
8.3971, -5.5575, 0
9.5245, 0.4166, 0
2.2097, -10.4811, 0
3.2421, -10.1982, 0
5.1425, 7.0522, 0
4.3173, 7.4128, 0
9.1286, -3.927, 0
7.1546, -7.2143, 0
3.451, -0.5984, 0
-4.1819, -3.4975, 0
9.2778, -2.8585, 0
-3.7959, 6.2348, 0
2.2685, 7.9801, 0
9.5104, -0.4712, 0
1.6012, 1.91, 0
5.8061, 6.4296, 0
-0.7427, 7.8801, 0
7.4929, 4.9932, 0
9.0758, -4.0855, 0
6.0812, -8.386, 0
2.6371, -3.1608, 0
-0.1692, -10.8798, 0
9.3876, 1.3119, 0
8.6987, -4.9432, 0
-2.4426, -4.3637, 0
9.5283, 0.6932, 0
5.3187, -8.9154, 0
5.0768, -9.2336, 0
3.2083, -1.7849, 0
-5.3118, 4.4634, 0
-2.329, -4.5043, 0
0.9296, 1.9991, 0
-6.1403, -0.0778, 0
3.6425, 7.6467, 0
3.3414, -0.3515, 0
1.486, -10.6664, 0
1.516, -4.053, 0
9.5256, 0.159, 0
-0.0023, -4.5876, 0
2.2038, 8.0265, 0
7.2761, 5.1925, 0
3.5783, -9.8741, 0
1.5752, -4.0442, 0
8.7662, 2.9502, 0
-6.1841, 2.4321, 0
0.7451, -10.8789, 0
-5.3108, -2.0188, 0
2.8598, -2.5835, 0
6.3976, 6.017, 0
-4.2401, 5.7493, 0
1.0039, -10.7007, 0
-1.3584, -10.91, 0
-0.4115, 7.8959, 0
-5.7533, 3.438, 0
-5.474, 3.9912, 0
-4.1736, -3.394, 0
7.8075, 4.4017, 0
8.159, -5.9267, 0
7.9965, -6.2117, 0
4.7925, -9.4241, 0
-5.0388, -2.6087, 0
-1.8616, 7.5426, 0
-0.1335, -10.842, 0
-1.0032, -10.9273, 0
8.1267, -5.9626, 0
-5.7521, 3.453, 0
9.474, 0.8843, 0
-2.1091, -10.833, 0
6.7565, -7.7059, 0
-4.9499, 5.0259, 0
7.6903, 4.7328, 0
8.024, 4.2671, 0
9.6029, -1.7886, 0
-5.3154, 4.4496, 0
-1.1783, 7.6899, 0
5.6559, -8.6251, 0
5.5587, 6.6526, 0
-2.1946, -10.8822, 0
7.5467, -6.9557, 0
8.8662, 2.5456, 0
-5.6806, -1.5285, 0
8.855, 2.4163, 0
7.6518, 4.6325, 0
-5.6346, -1.6201, 0
6.2473, -8.3138, 0
9.4255, -2.6955, 0
2.3995, -3.443, 0
2.401, -3.4111, 0
8.479, 3.539, 0
9.1162, 1.7471, 0
8.4047, -5.3428, 0
4.0988, 7.4196, 0
-1.999, -10.9302, 0
9.492, -0.165, 0
8.1775, 3.8765, 0
8.9888, -4.3385, 0
-6.1676, 1.9486, 0
-2.3624, 7.247, 0
3.4536, 7.5964, 0
5.923, -8.562, 0
-0.1465, -10.9382, 0
9.5023, -2.1552, 0
-3.0274, 6.7438, 0
-4.5897, -10.2905, 0
8.4774, 3.6475, 0
-3.2765, 6.7589, 0
9.5804, 0.3211, 0
-5.553, -1.9364, 0
9.1971, -3.5521, 0
7.5566, -6.6452, 0
-5.6877, -9.9284, 0
-5.2307, -2.438, 0
3.352, -0.2828, 0
-6.2498, 0.5749, 0
-0.7169, -4.7064, 0
9.1065, 2.0941, 0
-6.1826, 2.0984, 0
-0.0113, -4.5928, 0
9.3072, 1.5955, 0
8.2471, -5.6391, 0
9.4217, 0.8204, 0
9.0925, -4.0557, 0
7.0519, 5.6326, 0
9.5561, -1.1283, 0
9.6065, -1.0211, 0
2.9731, 0.7219, 0
8.3996, -5.6687, 0
-2.997, 6.9577, 0
8.0625, -6.3004, 0
-0.9052, 7.8575, 0
1.1603, 7.9515, 0
-5.5133, 4.1074, 0
-1.3302, 7.6464, 0
9.492, -2.3548, 0
-2.4095, -10.9026, 0
3.1934, -1.8834, 0
-1.0205, -4.7183, 0
-4.7813, 5.4218, 0
-5.3713, -2.1191, 0
0.6171, -4.3621, 0
2.9237, -2.5298, 0
3.0644, 7.8174, 0
2.1208, 7.9067, 0
2.2019, 1.5093, 0
5.2731, -8.9751, 0
-6.1936, 1.8854, 0
2.2685, -3.6244, 0
-1.638, -10.953, 0
6.3509, -8.1682, 0
3.6223, 7.6147, 0
9.4332, -2.6716, 0
-4.8555, 5.21, 0
9.2812, 1.2647, 0
9.5035, -2.6363, 0
-3.2481, -10.7151, 0
0.9343, -10.714, 0
3.2576, -0.3372, 0
9.062, -3.9823, 0
-6.2827, 1.9786, 0
3.369, -1.6994, 0
-5.1585, 4.6358, 0
0.6728, -4.4723, 0
9.006, -4.175, 0
-5.3737, 4.3332, 0
3.0115, -2.4367, 0
3.3419, -1.5514, 0
-4.6985, -10.3372, 0
3.0699, -2.1261, 0
2.8346, 7.8704, 0
8.749, 3.0632, 0
9.4444, 0.6834, 0
-2.9983, 6.8311, 0
-0.5339, -10.8891, 0
-5.1131, -2.6034, 0
-4.9456, 5.0946, 0
8.1869, -5.8516, 0
1.864, -3.7676, 0
1.2095, -4.1483, 0
8.1216, -5.8126, 0
-6.199, 0.6665, 0
0.1866, 7.9634, 0
-0.6174, -10.8782, 0
2.8879, -2.6057, 0
-6.3187, 1.004, 0
-1.2456, -4.6453, 0
5.9723, -8.36, 0
7.4208, -6.8331, 0
-2.4567, 7.2032, 0
-0.8718, -10.9259, 0
-3.3079, -10.659, 0
5.9493, -8.5602, 0
-5.2171, 4.6875, 0
9.6055, -0.278, 0
-6.0319, 3.0315, 0
-4.45, -3.372, 0
7.1979, 5.2992, 0
-5.1215, 4.9166, 0
6.2068, 6.2052, 0
-0.1503, -4.6911, 0
8.1284, 4.0668, 0
1.7192, 1.7995, 0
-4.913, 5.2008, 0
-3.6137, -10.5975, 0
3.3761, 7.7343, 0
2.1837, 7.8712, 0
9.4095, -3.0768, 0
-6.1232, 1.9746, 0
-3.8604, 6.264, 0
3.0222, 0.6584, 0
-1.5161, -10.9098, 0
-0.8973, 7.7817, 0
2.3394, 8.0061, 0
-0.048, 7.9875, 0
0.3397, 1.7247, 0
9.1975, 1.8204, 0
-3.9453, -3.6703, 0
-4.2635, -10.3268, 0
9.4232, -1.9725, 0
7.7309, 4.5834, 0
-2.9805, 6.9768, 0
-3.2267, -10.7658, 0
6.9281, -7.6697, 0
3.5182, -10.0848, 0
3.2114, -10.1444, 0
-5.3235, -9.9709, 0
6.4464, -7.9411, 0
-0.3603, 7.9758, 0
-3.1998, -4.0909, 0
-5.7622, 3.3749, 0
8.0335, -6.0716, 0
-0.4974, -4.6432, 0
0.962, -4.3001, 0
-3.3833, -3.987, 0
-0.3509, 7.8474, 0
-0.6284, 7.8076, 0
6.2102, -8.3086, 0
-1.0251, -4.7217, 0
8.9472, 2.3743, 0
-4.7114, -2.9723, 0
-4.9827, -2.8166, 0
-4.8089, 5.3166, 0
-0.579, -11.0013, 0
-4.2652, -3.4287, 0
3.4394, -1.185, 0
8.5886, 3.3343, 0
0.7529, -4.4214, 0
-6.1377, -0.4754, 0
3.7559, 7.4583, 0
-5.8971, -0.8027, 0
-3.056, -4.1502, 0
-5.6148, -1.7869, 0
0.5935, 1.8224, 0
9.5253, -1.7946, 0
7.1286, -7.3063, 0
-2.8046, 7.005, 0
0.3689, 8.0399, 0
-4.021, 5.9813, 0
4.3566, 7.3378, 0
-1.9066, -4.5819, 0
-5.216, -2.285, 0
-1.1559, -10.8468, 0
1.3584, -10.7295, 0
9.5568, 0.204, 0
5.2994, 6.7548, 0
9.5359, -1.5023, 0
-2.0174, 7.4618, 0
5.5324, -8.8503, 0
-0.1012, -10.9129, 0
9.2398, -3.6815, 0
9.3677, 0.8232, 0
8.0126, -6.1893, 0
6.821, -7.6679, 0
6.3155, -8.2474, 0
1.3536, -10.7567, 0
1.3333, 8.0091, 0
-0.4605, 7.9547, 0
1.5924, -10.6555, 0
3.4282, -1.4254, 0
0.3062, -10.9492, 0
-4.8916, -10.1606, 0
1.9232, -3.7234, 0
-3.9662, 6.0777, 0
8.1966, 3.8331, 0
-5.9409, -0.984, 0
9.4373, 0.9311, 0
-4.5499, -10.3592, 0
-3.7741, -10.5424, 0
-4.4507, 5.716, 0
-4.6145, -10.3278, 0
-6.0731, 2.0889, 0
3.0762, 7.7728, 0
-2.1505, -10.889, 0
-3.6546, 6.321, 0
6.8459, 5.6037, 0
9.5174, 0.7729, 0
-3.2746, 6.5171, 0
9.0763, 1.8804, 0
-6.133, 0.102, 0
-2.866, 6.8801, 0
5.2013, -8.9972, 0
-0.3514, 7.9625, 0
9.6251, -1.0276, 0
-0.3622, 7.8887, 0
-3.0112, -4.1252, 0
-0.5807, 7.919, 0
-4.6726, -10.2693, 0
-1.6728, -10.8453, 0
9.0451, -4.0367, 0
7.2746, 5.1224, 0
9.1339, -3.8396, 0
2.2571, -3.5868, 0
-4.0644, -10.4979, 0
5.0303, -9.26, 0
5.5731, -8.8739, 0
-2.4345, -10.8011, 0
-1.9719, -10.8814, 0
3.0045, -10.2701, 0
2.9891, -2.465, 0
1.1035, -4.2767, 0
-5.0957, -10.0426, 0
-2.1165, -10.9617, 0
8.9355, -4.1234, 0
6.6532, -7.8842, 0
7.6111, 4.8934, 0
6.7754, -7.7453, 0
1.8934, -10.6517, 0
7.8036, -6.3752, 0
-1.1558, -10.8523, 0
2.9403, -2.5813, 0
-1.7598, -11.0038, 0
0.5777, -10.875, 0
0.7592, 7.9099, 0
1.1676, -10.7815, 0
6.3539, -8.1715, 0
-3.8475, -10.4568, 0
6.2311, 6.2482, 0
1.4586, 8.0326, 0
9.5732, -0.9124, 0
-0.5416, -10.9605, 0
-3.9266, 6.1186, 0
-9.3093, 2.0663, 1
-5.6305, 8.7938, 1
5.5979, -4.2154, 1
1.3281, 4.8429, 1
6.1003, 1.4275, 1
5.5889, 10.0951, 1
-9.3274, -0.0294, 1
-7.6818, 6.4545, 1
-1.4613, 10.8552, 1
-9.361, 2.2484, 1
-2.8568, -0.4129, 1
-6.657, 7.8183, 1
-8.1194, 6.0462, 1
-8.2343, -3.5123, 1
-2.9969, 10.4445, 1
-8.4271, 5.1668, 1
4.6623, 10.4994, 1
-9.232, -0.4029, 1
-4.5749, 9.502, 1
-8.9444, 4.0588, 1
4.6899, 10.5843, 1
-0.9067, 4.5254, 1
5.3597, 10.3459, 1
5.7229, 2.2173, 1
-7.6931, -4.3098, 1
-4.5463, 9.6234, 1
1.2186, 11.2091, 1
-3.9368, -7.1355, 1
-9.2924, 1.0056, 1
5.6063, -4.1342, 1
-3.1395, 0.6727, 1
1.4798, 11.2105, 1
3.4073, -6.4276, 1
-7.6767, -4.2198, 1
-8.6454, -2.6128, 1
-6.2342, -5.9308, 1
5.6032, -4.1101, 1
6.3262, -1.9513, 1
-2.9025, -7.5243, 1
-1.0688, 10.877, 1
4.2247, 10.7043, 1
-2.9639, 2.4592, 1
-8.4225, -2.9107, 1
6.463, 0.0857, 1
6.2887, 0.8639, 1
-8.8473, -1.85, 1
-7.3719, -4.7061, 1
-9.0426, 3.6736, 1
-6.1878, 8.2253, 1
-8.1118, 5.7901, 1
-8.17, -3.3811, 1
-9.1032, 2.9537, 1
3.7526, -6.3099, 1
4.6375, 10.6123, 1
-1.5209, 10.9191, 1
-3.6236, 10.0605, 1
2.973, 11.0671, 1
6.4094, -2.2199, 1
-9.363, 1.0764, 1
-1.9864, 3.7627, 1
-3.6214, -7.269, 1
1.9285, 4.8375, 1
-3.0014, 2.2576, 1
-0.5626, 10.9057, 1
-8.6747, -2.3732, 1
6.5121, -0.0932, 1
-8.3578, 5.5097, 1
2.3337, 11.0564, 1
-1.3724, -7.7771, 1
-1.8354, -7.8497, 1
-9.3158, -0.1708, 1
-9.1149, 2.9231, 1
5.4855, -4.363, 1
5.6671, -3.8096, 1
-3.2801, 1.1006, 1
1.2815, -7.5582, 1
-8.6272, 4.5843, 1
2.1445, 4.8398, 1
-1.6565, 3.9169, 1
-0.5861, 4.6854, 1
-9.4269, 0.2138, 1
-9.292, -0.168, 1
3.5977, -6.3346, 1
-9.2194, 2.6741, 1
1.9523, -7.3475, 1
4.899, 10.4946, 1
-6.3659, -5.8106, 1
2.8791, -6.8642, 1
-9.0216, 4.0496, 1
-9.446, 0.2716, 1
5.7301, 10.0909, 1
4.5706, 10.6476, 1
-6.8361, 7.7472, 1
-0.93, 10.9549, 1
5.1286, 10.4303, 1
-3.1455, 10.3559, 1
3.1509, 10.9948, 1
2.9986, -6.8407, 1
-7.332, -4.8419, 1
1.4189, -7.3759, 1
-9.3057, 0.5209, 1
5.7202, 10.0759, 1
-8.3145, -3.2678, 1
-3.1438, 1.6943, 1
-6.2628, 8.2815, 1
3.1427, 4.4418, 1
6.0915, 1.1675, 1
2.8031, -6.8514, 1
4.1297, -6.0042, 1
-8.832, -2.307, 1
1.5886, -7.3199, 1
3.8136, 10.6812, 1
4.0851, 10.8062, 1
-1.2819, -7.8042, 1
1.3352, -7.6025, 1
-9.2791, 0.2794, 1
5.9463, 1.7787, 1
-4.6362, 9.4503, 1
-7.5558, 6.8396, 1
6.3347, -2.1418, 1
6.4393, -1.1218, 1
-3.8727, 9.8419, 1
6.3868, -2.1723, 1
1.7781, 4.9021, 1
-8.3289, 5.2994, 1
-3.9663, 9.8281, 1
3.9437, 10.7049, 1
-8.9627, -1.5483, 1
-9.3948, 0.944, 1
4.0319, 10.6694, 1
-8.2776, -3.1695, 1
-2.2573, 3.5436, 1
-2.8287, 2.4986, 1
-2.6127, 10.472, 1
-0.7185, 10.9849, 1
2.8877, 10.9286, 1
1.499, 11.1637, 1
1.2205, -7.6008, 1
-1.4829, 10.8113, 1
-8.6289, -2.5576, 1
5.5021, 2.4143, 1
5.4277, 10.2155, 1
-0.1847, 11.0048, 1
-2.9162, -0.2459, 1
-1.4752, -7.8399, 1
-3.4614, 10.1234, 1
-9.4208, 1.7013, 1
-1.1686, -7.8542, 1
-7.2154, 7.2079, 1
-2.121, 3.7245, 1
2.74, -6.9494, 1
3.6403, 10.7906, 1
2.488, 11.1374, 1
-2.5801, -7.5285, 1
-1.2497, 4.204, 1
1.9405, -7.2683, 1
-2.9032, 2.2298, 1
0.26, -7.735, 1
-3.8464, -7.3586, 1
-9.1611, -0.4428, 1
2.7382, -6.8704, 1
-5.4185, 8.9566, 1
5.4579, 10.1626, 1
-0.0108, 11.0535, 1
2.0964, 4.7823, 1
-3.4297, -7.3693, 1
-3.0534, 0.3032, 1
4.6109, 10.6573, 1
-8.9787, 3.9301, 1
2.572, 4.7482, 1
6.215, -2.4066, 1
3.3643, 10.8778, 1
-9.4084, 0.519, 1
-8.6875, -2.4316, 1
1.9818, 4.7394, 1
-9.2028, 3.3836, 1
-7.7891, -3.9318, 1
-7.1231, -5.0288, 1
-8.5253, 4.7759, 1
6.3807, -0.1734, 1
-2.638, 10.406, 1
-5.7711, -6.0257, 1
-9.1843, -0.7348, 1
-8.2136, -3.5671, 1
2.7458, 11.081, 1
1.6015, 4.7971, 1
-8.1505, 5.7072, 1
1.8216, 11.107, 1
-3.163, -7.4222, 1
-6.2918, 8.3082, 1
6.447, -0.9578, 1
5.2879, -4.6858, 1
1.9576, 11.1983, 1
-3.9036, -7.2964, 1
6.4179, -0.3766, 1
-1.324, 4.2294, 1
-3.0129, -7.4814, 1
-3.3067, -7.3877, 1
-0.9077, 10.8811, 1
4.0689, 10.6329, 1
2.297, -7.0821, 1
5.0382, 10.412, 1
-1.1067, 4.4576, 1
-1.005, 4.4186, 1
2.993, 10.9355, 1
-8.5088, 4.9372, 1
-9.2846, 2.8726, 1
-4.5927, -6.7718, 1
2.9696, 4.4593, 1
-7.887, 6.0741, 1
-2.2528, -1.2425, 1
-3.5711, 10.0337, 1
-0.2271, 10.987, 1
3.3857, 4.3754, 1
0.7872, 4.9261, 1
-3.0842, 0.4749, 1
6.4711, -0.42, 1
-1.8107, 10.7266, 1
5.2331, -4.5534, 1
-1.2634, 10.8164, 1
-9.2739, 2.0809, 1
-7.9463, -3.7972, 1
0.8328, 11.0586, 1
-5.772, -6.0402, 1
4.053, 10.7, 1
-1.9517, -7.6762, 1
4.5853, -5.5281, 1
-0.0654, 4.832, 1
-5.2399, 8.993, 1
-2.8573, 10.4304, 1
-9.2104, -0.1648, 1
-0.7463, 4.6319, 1
6.2363, -2.8512, 1
6.2895, 0.7691, 1
4.7005, -5.41, 1
5.7255, -3.91, 1
-2.6155, -7.6487, 1
3.3273, 10.9408, 1
1.2573, -7.5552, 1
-2.5241, 3.2157, 1
0.9538, 11.0922, 1
-7.6295, -4.4456, 1
5.9235, -3.594, 1
-6.8965, -5.1154, 1
4.0723, 10.7355, 1
-8.7978, 4.5185, 1
2.9623, 11.0592, 1
6.455, -1.0999, 1
-8.1763, -3.4833, 1
-6.89, -5.1353, 1
-2.2647, 10.5562, 1
1.7869, -7.3567, 1
2.4625, 11.0635, 1
-2.5011, -0.95, 1
-8.9482, -1.8806, 1
-7.3481, -4.6111, 1
5.9248, 1.8468, 1
-2.7054, 2.724, 1
3.4881, 4.332, 1
-2.2519, -1.0777, 1
-9.0778, -1.1642, 1
-7.974, -3.8243, 1
-9.1129, -1.3801, 1
6.367, 0.0155, 1
-3.9329, 9.823, 1
5.5453, -4.116, 1
-2.169, 3.6958, 1
6.2487, -2.4852, 1
-0.1424, 11.167, 1
3.404, -6.5439, 1
3.4476, 4.2928, 1
-9.4427, 0.7534, 1
-9.3735, 1.1633, 1
0.4721, 11.2132, 1
1.8218, -7.2336, 1
-7.9448, 6.2587, 1
-5.0336, -6.55, 1
2.8112, 10.9849, 1
0.007, 10.9952, 1
4.5966, 3.4972, 1
-2.5766, 10.5882, 1
-3.4638, 10.1872, 1
-4.189, -7.1278, 1
-1.3175, 10.8549, 1
-3.1761, 10.2144, 1
5.5359, -4.1612, 1
-2.9057, 2.4836, 1
-2.4736, 3.2306, 1
5.7418, 2.2479, 1
-0.0276, 11.0239, 1
-8.7516, -2.3227, 1
-1.2179, 10.8419, 1
-2.6993, -7.6666, 1
-5.3126, 9.0379, 1
4.6596, -5.4374, 1
-3.0873, 0.0995, 1
0.1934, 4.7648, 1
4.7838, -5.2236, 1
3.6463, 4.1052, 1
-0.3156, -7.7105, 1
-4.7829, 9.4483, 1
-0.9175, -7.89, 1
-7.9923, -3.6706, 1
-8.9237, 3.9181, 1
-1.9591, 10.582, 1
-3.0497, 10.267, 1
0.1046, -7.8214, 1
-3.0639, 2.0611, 1
6.2702, 0.6762, 1
-6.9208, -5.1589, 1
-4.2349, 9.6087, 1
-7.6789, 6.6064, 1
6.2682, 0.245, 1
-9.1917, -0.611, 1
-4.4978, 9.4681, 1
-1.047, 4.3406, 1
-6.6305, 7.8155, 1
6.3667, -0.433, 1
-2.2877, 3.4042, 1
-0.8279, 4.4246, 1
5.6318, -3.9101, 1
6.3291, 0.4897, 1
3.4493, 4.2318, 1
-8.7304, -2.5949, 1
5.2416, 2.9187, 1
-0.7654, -1.6757, 1
-0.721, -1.7446, 1
-5.6821, -6.1488, 1
5.7524, -3.7833, 1
-6.6837, -5.3781, 1
2.3817, 11.036, 1
5.5054, -4.3503, 1
1.4559, 4.8189, 1
-6.6054, 7.9958, 1
-9.0728, -1.367, 1
-5.3378, -6.4434, 1
1.0327, -7.4989, 1
5.9535, -3.3366, 1
6.2418, -2.3694, 1
-7.6006, 6.6583, 1
0.1098, 11.033, 1
0.7834, 11.0703, 1
-3.946, -7.2334, 1
-7.2258, 7.1971, 1
-9.2405, -0.4742, 1
-9.3336, -0.1239, 1
-9.2184, -0.8344, 1
3.1696, -6.7406, 1
-7.7119, -4.187, 1
2.5599, 4.745, 1
-6.6891, 7.9386, 1
-9.2529, 1.9182, 1
-7.7843, -4.2567, 1
-4.9529, 9.3934, 1
1.2631, 4.8323, 1
2.4306, 4.8234, 1
-5.8125, 8.4914, 1
-2.0265, 10.7043, 1
3.4445, 4.3236, 1
-9.3573, 1.8677, 1
-6.6479, -5.4853, 1
-1.4501, -1.5543, 1
-8.7535, 4.3552, 1
-6.8055, 7.7486, 1
-5.9477, -5.9481, 1
0.8782, 11.0717, 1
3.8421, 4.0933, 1
6.3444, 0.2855, 1
-1.9957, -1.4124, 1
-4.5594, 9.5658, 1
2.2555, 11.1672, 1
-0.9648, 4.521, 1
-9.3846, 1.5146, 1
0.5525, 4.9317, 1
-9.338, 0.7803, 1
5.587, -4.1567, 1
-0.6421, 11.0894, 1
3.095, -6.6632, 1
-7.8732, 6.3438, 1
5.8591, 10.102, 1
-0.1992, 4.7545, 1
-2.8685, -7.4724, 1
5.9689, -3.3499, 1
-8.2274, 5.6288, 1
-0.4348, 4.6274, 1
-2.634, 3.0756, 1
-7.9137, 6.2495, 1
6.5281, -0.7369, 1
6.4734, -1.1617, 1
-8.5256, 4.772, 1
6.4792, -0.5792, 1
-9.1949, -1.1218, 1
-0.4448, 4.6795, 1
0.3706, 11.0573, 1
-6.2355, -5.8476, 1
-9.2905, 0.148, 1
-9.189, 2.9579, 1
5.8891, -3.4453, 1
2.6895, -6.9315, 1
2.698, 4.6916, 1
-7.6443, -4.3405, 1
6.4531, -0.4826, 1
-6.9759, -5.0237, 1
4.1024, 10.6371, 1
-1.8136, -1.3459, 1
-3.5933, -7.3947, 1
-7.7127, 6.4481, 1
-0.3091, 11.0886, 1
-0.2927, 11.1335, 1
-9.4076, 0.3508, 1
-9.179, 2.5876, 1
-6.9619, 7.6078, 1
-9.4431, 1.0315, 1
-4.8921, -6.673, 1
4.6366, 3.5008, 1
-8.1447, -3.5489, 1
-9.3104, 1.837, 1
3.8296, 4.0488, 1
-4.0718, 9.912, 1
-4.42, -7.0144, 1
-2.8138, 2.5623, 1
-0.3941, 4.6715, 1
6.3191, -1.8111, 1
4.405, 3.6076, 1
-2.1009, -7.6421, 1
-1.9528, -1.3113, 1
0.1401, 4.8026, 1
-4.2888, 9.8054, 1
0.5836, -7.5962, 1
0.6887, 4.9642, 1
3.4394, 10.8222, 1
-2.2075, -1.285, 1
-5.3251, -6.58, 1
4.9724, 3.189, 1
1.5039, 11.1358, 1
-3.1753, 1.7603, 1
-3.7792, 9.9199, 1
-6.6672, 7.8455, 1
6.0044, -3.2071, 1
-2.8239, 10.4944, 1
-9.3576, 1.2143, 1
-8.1281, 5.8494, 1
0.5609, -7.7172, 1
6.5246, -0.7979, 1
0.9676, 11.152, 1
-2.0772, -7.7459, 1
-8.8739, 4.1738, 1
-2.3718, 3.5088, 1
-2.01, 10.677, 1
-0.0746, 10.988, 1
4.0037, 10.7902, 1
-5.8858, 8.4806, 1
5.5443, 2.29, 1
5.0281, 3.0135, 1
5.6325, -4.2567, 1
5.0667, -4.923, 1
-2.3791, -1.039, 1
-0.5838, 11.0615, 1
-5.9208, 8.5288, 1
1.4433, -7.4318, 1
-9.3248, 0.9785, 1
-4.7315, 9.4735, 1
-2.1373, 3.5565, 1
-1.2942, 10.8809, 1
3.1221, 10.9549, 1
2.4641, 4.6418, 1
-9.1956, -0.614, 1
3.3623, 4.3215, 1
0.8097, 11.1195, 1
-9.1817, 2.4445, 1
-0.7886, 4.4205, 1
-1.6296, 3.9528, 1
0.2808, 11.1605, 1
5.8622, 1.7648, 1
6.4169, 0.3698, 1
-9.0756, 3.3628, 1
-7.3272, -4.6909, 1
-0.9573, -7.7614, 1
-1.3706, 4.2451, 1
-5.1112, -6.6255, 1
1.4086, -7.4426, 1
6.4308, -1.7172, 1
-8.9752, 3.7195, 1
3.838, 4.1568, 1
1.6021, 11.0787, 1
-9.2966, 0.0472, 1
-5.661, 8.8005, 1
-2.289, 3.4605, 1
4.3083, 3.8406, 1
1.505, 11.1811, 1
-6.9579, 7.3883, 1
5.8761, -3.4285, 1
1.2223, 11.1621, 1
-3.1538, 0.6419, 1
-7.6267, -4.3869, 1
-7.1986, 7.1854, 1
-5.2517, -6.5219, 1
0.2235, -7.7427, 1
-2.6726, 2.6234, 1
4.4415, -5.5147, 1
1.0899, 11.1651, 1
-8.7759, -2.244, 1
-4.263, -7.0665, 1
4.4863, -5.6033, 1
0.6433, 11.1403, 1
0.9478, 11.1993, 1
-7.7689, -4.1326, 1
-2.8454, 10.3648, 1
5.8086, -3.4514, 1
6.3764, -1.3099, 1
-5.9498, 8.5302, 1
-9.0451, -1.2314, 1
6.5544, -0.9224, 1
-1.1194, -7.8418, 1
3.9772, 3.9743, 1
4.6744, 3.3586, 1
-9.093, 3.1626, 1
0.1189, 11.0865, 1
-8.5178, -2.7142, 1
2.8209, 10.9292, 1
-7.2085, -5.0398, 1
6.3734, -1.1508, 1
5.8887, -3.6484, 1
1.5287, 11.0339, 1
-7.4331, -4.5248, 1
-5.8701, -6.1207, 1
-0.5575, -7.7224, 1
-9.3563, 1.1041, 1
-8.6423, 4.8954, 1
6.5472, -0.7616, 1
2.2644, 11.0083, 1
6.5143, -0.6095, 1
6.2413, -2.2748, 1
-7.9753, -3.7818, 1
6.0869, -2.7867, 1
4.135, 3.9348, 1
6.2771, -2.2275, 1
-2.5508, 10.4593, 1
2.1375, 4.7723, 1
-6.2486, 8.1988, 1
-3.1043, 0.2509, 1
-9.1933, -0.1539, 1
6.12, -2.9222, 1
-3.0733, 0.3116, 1
-0.4253, -7.8038, 1
-8.6445, 4.7952, 1
2.071, 11.0665, 1
-2.5787, 3.0913, 1
-1.9427, 3.9089, 1
6.4768, -0.7403, 1
1.7218, 4.8231, 1
-1.7106, 3.9671, 1
5.2165, 2.9273, 1
-1.3526, 10.8869, 1
-2.4435, 10.6127, 1
-2.29, 10.6619, 1
-7.9507, -4.0401, 1
-1.8552, -7.721, 1
-0.1584, 11.0874, 1
-0.9173, 4.397, 1
-9.2182, -0.3142, 1
2.3643, -7.1208, 1
-8.5697, 4.8062, 1
-9.2176, 3.0283, 1
5.5871, 10.0786, 1
5.9712, 1.5759, 1
-5.07, -6.7031, 1
-2.2316, 3.4832, 1
4.1819, 3.8127, 1
-2.3873, 10.5049, 1
-2.8765, -0.4286, 1
5.27, 2.8264, 1
-8.2987, -3.2296, 1
2.7573, -6.9655, 1
0.9038, 11.1117, 1
-4.3622, 9.5858, 1
-6.2545, -5.7265, 1
1.8061, -7.396, 1
-3.6201, -7.3113, 1
-3.1119, 10.2955, 1
0.2028, 4.8221, 1
5.9299, 1.4306, 1
1.3402, -7.5196, 1
6.2548, -2.5099, 1
-3.0947, 1.6727, 1
-2.711, -7.6077, 1
-9.2635, 1.7326, 1
1.5698, 11.0907, 1
4.012, -6.0057, 1
-9.4053, 1.2125, 1
-8.6224, 4.8134, 1
5.0925, 10.3879, 1
-6.2338, -5.8993, 1
5.585, -4.1329, 1
5.3898, 2.5273, 1
-5.7932, 8.6495, 1
-2.272, -7.6972, 1
-2.611, 2.9189, 1
1.2018, 11.1044, 1
0.3909, 4.9124, 1
-9.3025, 2.4802, 1
6.3354, 0.2193, 1
-6.4809, -5.6266, 1
3.8989, 4.1207, 1
6.5176, -1.3456, 1
5.18, 3.0211, 1
-1.7575, 3.9244, 1
-5.276, 9.0938, 1
0.3372, -7.6791, 1
3.3823, 4.2553, 1
-1.4544, 10.9226, 1
1.6654, 4.9389, 1
1.4511, 11.2203, 1
-7.5375, -4.4126, 1
-3.0493, 0.2165, 1
-1.7658, 3.967, 1
1.9148, 4.7838, 1
-9.4322, 1.8889, 1
-8.8959, -1.6148, 1
5.7673, -3.8115, 1
1.2889, 4.8772, 1
-4.9667, -6.8075, 1
0.7524, 11.1096, 1
-0.9203, 4.3724, 1
-1.4478, 4.1663, 1
-1.1941, 4.3939, 1
-3.2682, -7.5123, 1
-7.6511, -4.1401, 1
4.6663, 3.4424, 1
-2.3212, 3.5232, 1
6.4154, -0.196, 1
-0.6496, 4.5703, 1
5.5969, -4.0854, 1
6.3352, -1.6669, 1
-0.7078, 11.0912, 1
6.502, -0.6098, 1
-4.4399, -6.8997, 1
5.5402, -4.1011, 1
-7.6117, 6.552, 1
-9.2465, 3.2002, 1
4.8728, -5.0621, 1
3.8336, -6.0271, 1
1.6531, 4.9089, 1
-4.5074, 9.6244, 1
-2.843, -7.612, 1
-2.5087, 10.6126, 1
-2.2245, -7.7285, 1
3.0926, -6.7813, 1
-1.6249, 4.0307, 1
4.648, 3.4073, 1
-9.27, 1.8616, 1
2.9305, 11.0634, 1
2.7998, 11.0375, 1
-8.7014, -2.2611, 1
1.3839, -7.457, 1
-6.4269, -5.6083, 1
-6.3252, 8.2058, 1
-2.9829, 2.0787, 1
-9.1485, 2.8907, 1
1.4343, -7.416, 1
-0.5908, -1.6238, 1
-8.1239, 5.6267, 1
-2.4586, -7.5796, 1
-0.5255, 10.937, 1
-8.3876, -3.0439, 1
-0.178, 11.0399, 1
-6.8104, -5.3904, 1
-9.4231, 1.2829, 1
0.0772, 4.8429, 1
-1.7181, -7.7787, 1
-3.1263, 0.5284, 1
-8.5701, 5.071, 1
-9.1575, 3.0804, 1
-3.1321, 10.3277, 1
-1.2549, 10.9481, 1
-9.3298, 0.4952, 1
2.6533, -6.9109, 1
-9.3038, -0.6992, 1
2.5234, 11.0444, 1
-7.0958, -4.9848, 1
6.3383, -2.4813, 1
-3.8867, -7.1574, 1
-4.4532, 9.6175, 1
-6.6302, -5.5556, 1
-3.1665, -7.5104, 1
5.515, 2.5528, 1
5.8714, 1.8216, 1
-4.5351, -7.0223, 1
-1.9255, 3.7276, 1
1.7497, 4.7891, 1
-3.1009, 0.5516, 1
0.8353, 4.9404, 1
-8.9946, 3.7389, 1
-8.8225, -2.277, 1
-6.3805, -5.7768, 1
2.2943, 11.0885, 1
-8.7921, 4.4687, 1
-2.4615, -0.9638, 1
-8.6559, 4.4761, 1
-3.6717, -7.3056, 1
-5.5627, 8.7709, 1
-2.5496, -7.5869, 1
5.9058, -3.5211, 1
-6.0381, 8.3318, 1
0.3221, 4.8724, 1
-6.8063, 7.7243, 1
1.7626, -7.4386, 1
-8.3521, 5.2426, 1
0.1278, 10.9914, 1
2.1797, -7.1184, 1
-9.3835, 0.7057, 1
-8.7691, -2.2925, 1
-9.2301, 3.0738, 1
-8.5482, 5.05, 1
-0.7994, -7.8586, 1
-8.2468, 5.8003, 1
-1.8517, 10.7318, 1
-5.5832, -6.3474, 1
-3.1615, 1.8153, 1
-8.9756, 3.9101, 1
-9.2077, -0.2818, 1
4.7357, 3.4319, 1
-8.8375, -1.9442, 1
-6.7956, 7.7187, 1
3.9957, -6.0702, 1
-1.7165, 3.9085, 1
-7.2106, -5.0062, 1
-0.669, -1.7406, 1
-9.2992, 1.1778, 1
3.0858, -6.7459, 1
6.3322, -2.1458, 1
-0.8158, 4.5157, 1
-9.2905, 0.3749, 1
-9.3316, 1.2694, 1
4.2418, -5.968, 1
-2.8461, 2.6738, 1
-7.6537, 6.47, 1
5.8362, 10.1482, 1
-8.7834, -2.4388, 1
-8.8555, -1.8796, 1
-3.1595, 10.1579, 1
-2.6215, -7.5802, 1
-9.2234, 3.2592, 1
6.3991, 0.3196, 1
5.1048, -4.8982, 1
-0.4567, -1.6483, 1
6.3468, -2.3278, 1
-8.1071, -3.5664, 1
-6.8753, 7.7674, 1
-1.6685, 4.0424, 1
4.6218, 3.4083, 1
2.2781, 4.8327, 1
-7.1984, -4.8199, 1
-5.9238, 8.4907, 1
-3.0627, 0.3717, 1
-0.3674, 11.0639, 1
-2.7759, -0.281, 1
-7.923, -3.9355, 1
5.5575, 2.0883, 1
-7.3246, -4.7027, 1
0.5818, -7.5939, 1
-0.8239, 4.5507, 1
-0.6754, -7.9013, 1
6.3355, -2.3421, 1
5.6021, 2.2215, 1
2.83, -6.8365, 1
4.0849, 3.9829, 1
-7.899, -3.7535, 1
5.9843, 1.4327, 1
6.3493, -2.3989, 1
-0.735, -1.8146, 1
-4.4564, 9.7384, 1
1.1356, 4.8879, 1
4.3643, 3.5644, 1
-8.5649, -2.633, 1
-6.9444, -5.1394, 1
-6.4915, 8.0657, 1
-9.4159, 0.961, 1
5.4666, -4.2307, 1
-6.6777, 7.8144, 1
6.2892, 0.5393, 1
-0.8901, 10.8992, 1
3.9238, 3.9836, 1
-9.1305, 2.9441, 1
6.0465, -2.8827, 1
-1.5569, 4.0276, 1
-7.5929, 6.5485, 1
-1.002, 4.3705, 1
-3.9846, -7.1489, 1
-8.8259, -1.9584, 1
-1.2598, -7.8305, 1
3.3235, 4.3488, 1
6.4849, -0.8418, 1
-5.3263, -6.5098, 1
3.4049, 10.8306, 1
0.9529, 4.8704, 1
-6.5573, -5.5336, 1
6.3095, 0.0721, 1
3.1703, 10.8591, 1
5.4119, 2.6919, 1
-9.3043, 2.2081, 1
1.0786, 4.8799, 1
-8.5134, -2.7681, 1
-4.5812, 9.4689, 1
-9.2293, -0.9929, 1
-2.2971, 10.6923, 1
4.2403, 3.8211, 1
-7.6128, 6.5117, 1
-8.3532, 5.5703, 1
-7.271, -4.8481, 1
4.7175, -5.4166, 1
-5.3007, 9.0759, 1
-8.6496, -2.4747, 1
-5.7437, -6.2845, 1
-6.4377, -5.6749, 1
-5.6905, -6.2488, 1
6.3229, 0.2713, 1
0.2192, -7.7357, 1
5.8069, -3.5413, 1
-5.2792, 8.9452, 1
2.924, -6.8526, 1
4.1307, 3.9369, 1
6.1514, -3.0581, 1
1.5678, 4.9025, 1
-6.9607, -5.0265, 1
3.5749, -6.4185, 1
-9.0944, -1.4368, 1
-9.3018, 1.4505, 1
3.5926, 10.8612, 1
-5.9399, 8.5027, 1
-5.0179, 9.3125, 1
-1.3831, 4.1576, 1
-1.7908, -7.7765, 1
0.8273, -7.5598, 1
-7.4684, 6.8441, 1
2.5187, 11.056, 1
-5.9141, -6.1488, 1
-0.6239, 10.93, 1
2.9997, -6.6816, 1
-5.3105, 9.0354, 1
-9.0891, -0.9449, 1
3.0736, -6.7168, 1
4.5693, -5.5825, 1
5.1689, 10.2616, 1
-8.3685, 5.4692, 1
-1.8017, -1.35, 1
-9.3454, 0.9881, 1
1.0979, 4.9943, 1
-2.2253, 10.6391, 1
-9.4767, 1.1673, 1
0.3651, 4.9082, 1
5.2922, -4.5197, 1
-6.749, 7.8667, 1
4.7993, -5.1039, 1
-6.4508, 7.9362, 1
1.7783, 11.033, 1
1.8799, 11.1892, 1
-7.6912, -4.1934, 1
6.256, -2.2669, 1
-1.4512, 10.7616, 1
-7.5849, 6.6774, 1
6.3167, 0.1449, 1
-7.6225, 6.7141, 1
-1.0653, -7.8017, 1
5.133, -4.7029, 1
-0.4625, 4.6942, 1
-5.6319, 8.6975, 1
-1.2309, 10.8339, 1
0.7493, 4.8593, 1
5.6674, -3.9897, 1
-7.5438, 6.7893, 1
4.2676, -5.8325, 1
0.2752, -7.7208, 1
-7.16, -4.9295, 1
-6.9616, -5.0876, 1
-6.5588, 7.9491, 1
2.8987, 10.9765, 1
-1.3612, 4.2681, 1
-0.7325, 10.8866, 1
-6.7311, 7.7577, 1
-7.009, 7.3818, 1
-9.0543, 3.5815, 1
0.1118, 4.7364, 1
-3.1754, 1.0179, 1
6.2397, -2.7707, 1
-8.2184, -3.1938, 1
0.2132, 11.062, 1
0.1123, 4.7997, 1
6.479, -0.84, 1
5.2393, -4.608, 1
-0.2221, 4.6988, 1
-7.5474, -4.6045, 1
-5.5022, -6.3732, 1
-7.3656, 7.0002, 1
-4.3617, 9.7269, 1
-2.4664, 3.198, 1
3.6929, 10.8344, 1
-2.6516, 2.7887, 1
-5.608, 8.8527, 1
5.6862, -4.1446, 1
-4.3878, -7.005, 1
2.6064, -6.9609, 1
5.8233, -3.9445, 1
-2.3633, 10.558, 1
-9.2663, 2.2849, 1
4.1634, -5.895, 1
-6.7642, -5.1838, 1
-1.2438, 10.9703, 1
-9.2251, 2.0927, 1
3.0132, 10.9859, 1
-9.3189, -0.3013, 1
-3.1066, 1.76, 1
5.9922, -3.1002, 1
-2.3407, 3.4814, 1
-9.1673, 3.4356, 1
-9.2792, 1.5396, 1
1.97, 11.1463, 1
6.3917, -0.9875, 1
2.7269, -6.9568, 1
4.132, -5.9597, 1
-7.527, -4.3598, 1
-6.9542, 7.4622, 1
-4.2713, 9.7378, 1
-9.13, -1.0741, 1
-6.284, -5.6362, 1
5.6722, 10.1455, 1
-1.0204, -7.7776, 1
2.5852, -6.9347, 1
5.669, 2.3512, 1
-8.9079, 3.9819, 1
-6.8132, 7.5358, 1
0.7485, -7.5649, 1
-3.0241, 0.1994, 1
-5.072, -6.6694, 1
-2.791, 2.6712, 1
-3.7008, -7.2945, 1
-8.0466, 5.8879, 1
-9.313, 0.8916, 1
5.4216, 2.6471, 1
5.157, -4.8142, 1
2.5287, -7.0052, 1
0.2293, -7.6702, 1
2.8705, 11.001, 1
-1.3962, -7.7871, 1
-5.3522, 9.013, 1
-2.9534, -7.5835, 1
3.0439, -6.776, 1
2.9398, 11.0232, 1
5.1227, 2.9112, 1
-8.6626, 4.806, 1
-5.8361, 8.6444, 1
-3.1057, 10.3654, 1
-8.8554, -1.8914, 1
-8.9383, 4.054, 1
-7.1005, -5.0652, 1
-0.9477, 4.3718, 1
-2.6049, 10.4427, 1
0.9558, 11.2109, 1
5.0559, 3.0021, 1
-0.1967, 10.9737, 1
-6.7977, -5.2757, 1
6.1149, 0.9885, 1
-1.8154, 10.6635, 1
5.5563, -4.2264, 1
2.0596, 11.0325, 1
2.0024, 11.024, 1
1.2251, -7.4889, 1
-3.1559, 1.3078, 1
-9.2157, -0.5613, 1
-9.0235, -1.4978, 1
2.0015, 4.7505, 1
2.2351, 11.1483, 1
-2.474, 3.0937, 1
-9.13, -1.3405, 1
-1.8422, -7.8477, 1
-5.0366, 9.1741, 1
-6.7082, 7.6258, 1
-1.208, 10.9504, 1
3.1391, 10.9863, 1
3.7646, 4.1811, 1
1.1698, -7.5377, 1
5.2594, 10.3584, 1
3.9943, -6.0812, 1
-6.627, -5.4122, 1
1.6536, 4.789, 1
-5.7575, 8.6245, 1
-3.254, 10.3095, 1
6.1166, 0.9929, 1
-8.5016, 5.0078, 1
-2.381, -7.7416, 1
5.6575, -3.9681, 1
-8.3767, -3.2851, 1
-8.7968, -2.0362, 1
-6.1999, -5.7551, 1
-9.0464, 3.5694, 1
-4.6299, -6.998, 1
-2.1042, 10.6409, 1
4.4865, -5.6078, 1
-3.838, -7.2583, 1
4.9381, -5.0288, 1
